{
  "robot_name": "variant_04_seed75",
  "seed": 75,
  "density": 780.0,
  "num_legs": 8,
  "asset_root": "robot_assets",
  "mesh_root": "meshes",
  "preview_mesh": "meshes/assembled_preview.stl",
  "trunk_polygon_xy": [
    [
      0.5386805517934742,
      0.03258685381131894
    ],
    [
      0.437377550563215,
      0.04352325630684653
    ],
    [
      0.2841739265368873,
      0.19299072543299972
    ],
    [
      0.2704552314841569,
      0.21874277887647742
    ],
    [
      -0.4212756056104544,
      0.1651567676677948
    ],
    [
      -0.1610292963239502,
      -0.16916910160574278
    ],
    [
      -0.13656392888162122,
      -0.20138849339695708
    ],
    [
      0.024302356011677642,
      -0.24251069783963092
    ],
    [
      0.14977859047795242,
      -0.1449888214316924
    ],
    [
      0.27200472219771876,
      -0.15501757919903297
    ],
    [
      0.3455646306785901,
      -0.08578835861203273
    ],
    [
      0.20124720444500185,
      -0.03883002186536313
    ],
    [
      0.2782529932223539,
      -0.043466139648626854
    ],
    [
      0.5474676554376446,
      -0.018573127209066686
    ]
  ],
  "trunk_bottom_z": -0.09,
  "links": [
    {
      "name": "base_link",
      "leg_id": null,
      "role": "trunk",
      "mesh_path": "meshes/trunk.stl",
      "mass_properties": {
        "volume": 0.04543640835623988,
        "mass": 15.44039851786711,
        "center_mass": [
          0.04077487449397466,
          0.01807371957870335,
          0.0
        ],
        "inertia": [
          [
            0.5011238038274946,
            0.03255485779849641,
            -5.637851296924623e-18
          ],
          [
            0.03255485779849641,
            1.574677599793684,
            -2.0261028098322864e-18
          ],
          [
            -5.637851296924623e-18,
            -2.0261028098322864e-18,
            1.8844232516246961
          ]
        ]
      },
      "default_world_origin": [
        0.0,
        0.0,
        0.0
      ]
    },
    {
      "name": "leg_0_hip",
      "leg_id": 0,
      "role": "joint_sphere",
      "mesh_path": "meshes/leg_0_hip.stl",
      "mass_properties": {
        "volume": 0.00017351704065409314,
        "mass": 0.13534329171019266,
        "center_mass": [
          -8.135924710538599e-19,
          0.0,
          3.645871534715235e-19
        ],
        "inertia": [
          [
            6.481683547409416e-05,
            -6.88214269644119e-22,
            1.4785853449385365e-22
          ],
          [
            -6.88214269644119e-22,
            6.481683547409416e-05,
            8.06501097239202e-24
          ],
          [
            1.4785853449385365e-22,
            8.06501097239202e-24,
            6.481683547409416e-05
          ]
        ]
      },
      "default_world_origin": [
        -0.029030251930582097,
        0.2203405165817096,
        -0.09
      ]
    },
    {
      "name": "leg_0_swing_node",
      "leg_id": 0,
      "role": "joint_sphere",
      "mesh_path": "meshes/leg_0_swing_node.stl",
      "mass_properties": {
        "volume": 4.7652117289630343e-05,
        "mass": 0.03716865148591167,
        "center_mass": [
          -3.7031974103498394e-19,
          0.0,
          -1.9573785140154793e-20
        ],
        "inertia": [
          [
            7.52063665427589e-06,
            1.7205356741102976e-22,
            -3.6964633623463424e-24
          ],
          [
            1.7205356741102976e-22,
            7.52063665427589e-06,
            2.8143527872409653e-24
          ],
          [
            -3.6964633623463424e-24,
            2.8143527872409653e-24,
            7.520636654275889e-06
          ]
        ]
      },
      "default_world_origin": [
        -0.029030251930582097,
        0.2203405165817096,
        -0.09
      ]
    },
    {
      "name": "leg_0_upper",
      "leg_id": 0,
      "role": "upper_link",
      "mesh_path": "meshes/leg_0_upper.stl",
      "mass_properties": {
        "volume": 0.00028317750421285,
        "mass": 0.22087845328602299,
        "center_mass": [
          -0.08095638115831387,
          0.11303725719051802,
          -0.0163903275316445
        ],
        "inertia": [
          [
            0.0009842522753699243,
            0.000665459595627567,
            -9.649120124197981e-05
          ],
          [
            0.000665459595627567,
            0.0005316854644745784,
            0.00013472811624425622
          ],
          [
            -9.649120124197981e-05,
            0.00013472811624425622,
            0.0014413136372626702
          ]
        ]
      },
      "default_world_origin": [
        -0.029030251930582097,
        0.2203405165817096,
        -0.09
      ]
    },
    {
      "name": "leg_0_knee",
      "leg_id": 0,
      "role": "joint_sphere",
      "mesh_path": "meshes/leg_0_knee.stl",
      "mass_properties": {
        "volume": 0.00012649392263683397,
        "mass": 0.0986652596567305,
        "center_mass": [
          0.0,
          0.0,
          1.64776518182891e-19
        ],
        "inertia": [
          [
            3.8273693179097886e-05,
            -6.88214269644119e-22,
            1.0215680565029892e-22
          ],
          [
            -6.88214269644119e-22,
            3.8273693179097886e-05,
            -1.0081263715490025e-23
          ],
          [
            1.0215680565029892e-22,
            -1.0081263715490025e-23,
            3.8273693179097886e-05
          ]
        ]
      },
      "default_world_origin": [
        -0.1909430142472098,
        0.4464150309627448,
        -0.12278065506328895
      ]
    },
    {
      "name": "leg_0_lower",
      "leg_id": 0,
      "role": "lower_link",
      "mesh_path": "meshes/leg_0_lower.stl",
      "mass_properties": {
        "volume": 0.0002568015423918823,
        "mass": 0.20030520306566818,
        "center_mass": [
          0.009966710577601656,
          0.02372033949164875,
          -0.14777689323660587
        ],
        "inertia": [
          [
            0.0015093614505154991,
            -1.5641600521821518e-05,
            9.744662934426597e-05
          ],
          [
            -1.5641600521821518e-05,
            0.0014787073394145268,
            0.00023191875718328245
          ],
          [
            9.744662934426597e-05,
            0.00023191875718328245,
            7.108784880418292e-05
          ]
        ]
      },
      "default_world_origin": [
        -0.1909430142472098,
        0.4464150309627448,
        -0.12278065506328895
      ]
    },
    {
      "name": "leg_0_foot",
      "leg_id": 0,
      "role": "foot",
      "mesh_path": "meshes/leg_0_foot.stl",
      "mass_properties": {
        "volume": 7.320250152594556e-05,
        "mass": 0.05709795119023754,
        "center_mass": [
          0.0,
          0.0,
          -4.5081874481138355e-20
        ],
        "inertia": [
          [
            1.538133888691883e-05,
            -0.0,
            -3.494838088036542e-23
          ],
          [
            -0.0,
            1.538133888691883e-05,
            -1.075334796318936e-23
          ],
          [
            -3.494838088036542e-23,
            -1.075334796318936e-23,
            1.538133888691883e-05
          ]
        ]
      },
      "default_world_origin": [
        -0.1710095930920065,
        0.4938557099460424,
        -0.41833444153650096
      ]
    },
    {
      "name": "leg_1_hip",
      "leg_id": 1,
      "role": "joint_sphere",
      "mesh_path": "meshes/leg_1_hip.stl",
      "mass_properties": {
        "volume": 0.00017351704065409314,
        "mass": 0.13534329171019266,
        "center_mass": [
          -8.135924710538599e-19,
          0.0,
          3.645871534715235e-19
        ],
        "inertia": [
          [
            6.481683547409416e-05,
            -6.88214269644119e-22,
            1.4785853449385365e-22
          ],
          [
            -6.88214269644119e-22,
            6.481683547409416e-05,
            8.06501097239202e-24
          ],
          [
            1.4785853449385365e-22,
            8.06501097239202e-24,
            6.481683547409416e-05
          ]
        ]
      },
      "default_world_origin": [
        -0.245200355511577,
        0.19386277295752308,
        -0.09
      ]
    },
    {
      "name": "leg_1_swing_node",
      "leg_id": 1,
      "role": "joint_sphere",
      "mesh_path": "meshes/leg_1_swing_node.stl",
      "mass_properties": {
        "volume": 4.7652117289630343e-05,
        "mass": 0.03716865148591167,
        "center_mass": [
          -3.7031974103498394e-19,
          0.0,
          -1.9573785140154793e-20
        ],
        "inertia": [
          [
            7.52063665427589e-06,
            1.7205356741102976e-22,
            -3.6964633623463424e-24
          ],
          [
            1.7205356741102976e-22,
            7.52063665427589e-06,
            2.8143527872409653e-24
          ],
          [
            -3.6964633623463424e-24,
            2.8143527872409653e-24,
            7.520636654275889e-06
          ]
        ]
      },
      "default_world_origin": [
        -0.245200355511577,
        0.19386277295752308,
        -0.09
      ]
    },
    {
      "name": "leg_1_upper",
      "leg_id": 1,
      "role": "upper_link",
      "mesh_path": "meshes/leg_1_upper.stl",
      "mass_properties": {
        "volume": 0.00028317750421285096,
        "mass": 0.22087845328602373,
        "center_mass": [
          -0.10800649177672401,
          0.08798416974158485,
          -0.013906243524705432
        ],
        "inertia": [
          [
            0.0006125505962453798,
            0.0006910403302493801,
            -0.00010922163777944615
          ],
          [
            0.0006910403302493801,
            0.000897914354010232,
            8.897405109413799e-05
          ],
          [
            -0.00010922163777944615,
            8.897405109413799e-05,
            0.0014467864268515958
          ]
        ]
      },
      "default_world_origin": [
        -0.245200355511577,
        0.19386277295752308,
        -0.09
      ]
    },
    {
      "name": "leg_1_knee",
      "leg_id": 1,
      "role": "joint_sphere",
      "mesh_path": "meshes/leg_1_knee.stl",
      "mass_properties": {
        "volume": 0.00012649392263683397,
        "mass": 0.0986652596567305,
        "center_mass": [
          0.0,
          0.0,
          1.64776518182891e-19
        ],
        "inertia": [
          [
            3.8273693179097886e-05,
            -6.88214269644119e-22,
            1.0215680565029892e-22
          ],
          [
            -6.88214269644119e-22,
            3.8273693179097886e-05,
            -1.0081263715490025e-23
          ],
          [
            1.0215680565029892e-22,
            -1.0081263715490025e-23,
            3.8273693179097886e-05
          ]
        ]
      },
      "default_world_origin": [
        -0.4612133390650251,
        0.369831112440693,
        -0.11781248704941094
      ]
    },
    {
      "name": "leg_1_lower",
      "leg_id": 1,
      "role": "lower_link",
      "mesh_path": "meshes/leg_1_lower.stl",
      "mass_properties": {
        "volume": 0.0002568015423918822,
        "mass": 0.2003052030656681,
        "center_mass": [
          -0.0008132171834324853,
          0.008766798415807913,
          -0.14974138346946428
        ],
        "inertia": [
          [
            0.0015158899167996174,
            4.7168928392053275e-07,
            -8.05669328664181e-06
          ],
          [
            4.7168928392053275e-07,
            0.0015108486767265736,
            8.68542959752202e-05
          ],
          [
            -8.05669328664181e-06,
            8.68542959752202e-05,
            3.241804520801196e-05
          ]
        ]
      },
      "default_world_origin": [
        -0.4612133390650251,
        0.369831112440693,
        -0.11781248704941094
      ]
    },
    {
      "name": "leg_1_foot",
      "leg_id": 1,
      "role": "foot",
      "mesh_path": "meshes/leg_1_foot.stl",
      "mass_properties": {
        "volume": 7.320250152594556e-05,
        "mass": 0.05709795119023754,
        "center_mass": [
          0.0,
          0.0,
          -4.5081874481138355e-20
        ],
        "inertia": [
          [
            1.538133888691883e-05,
            -0.0,
            -3.494838088036542e-23
          ],
          [
            -0.0,
            1.538133888691883e-05,
            -1.075334796318936e-23
          ],
          [
            -3.494838088036542e-23,
            -1.075334796318936e-23,
            1.538133888691883e-05
          ]
        ]
      },
      "default_world_origin": [
        -0.4628397734318901,
        0.3873647092723088,
        -0.41729525398833955
      ]
    },
    {
      "name": "leg_2_hip",
      "leg_id": 2,
      "role": "joint_sphere",
      "mesh_path": "meshes/leg_2_hip.stl",
      "mass_properties": {
        "volume": 0.00017351704065409314,
        "mass": 0.13534329171019266,
        "center_mass": [
          -8.135924710538599e-19,
          0.0,
          3.645871534715235e-19
        ],
        "inertia": [
          [
            6.481683547409416e-05,
            -6.88214269644119e-22,
            1.4785853449385365e-22
          ],
          [
            -6.88214269644119e-22,
            6.481683547409416e-05,
            8.06501097239202e-24
          ],
          [
            1.4785853449385365e-22,
            8.06501097239202e-24,
            6.481683547409416e-05
          ]
        ]
      },
      "default_world_origin": [
        -0.44264913864690586,
        0.16889015342679287,
        -0.09
      ]
    },
    {
      "name": "leg_2_swing_node",
      "leg_id": 2,
      "role": "joint_sphere",
      "mesh_path": "meshes/leg_2_swing_node.stl",
      "mass_properties": {
        "volume": 4.7652117289630343e-05,
        "mass": 0.03716865148591167,
        "center_mass": [
          -3.7031974103498394e-19,
          0.0,
          -1.9573785140154793e-20
        ],
        "inertia": [
          [
            7.52063665427589e-06,
            1.7205356741102976e-22,
            -3.6964633623463424e-24
          ],
          [
            1.7205356741102976e-22,
            7.52063665427589e-06,
            2.8143527872409653e-24
          ],
          [
            -3.6964633623463424e-24,
            2.8143527872409653e-24,
            7.520636654275889e-06
          ]
        ]
      },
      "default_world_origin": [
        -0.44264913864690586,
        0.16889015342679287,
        -0.09
      ]
    },
    {
      "name": "leg_2_upper",
      "leg_id": 2,
      "role": "upper_link",
      "mesh_path": "meshes/leg_2_upper.stl",
      "mass_properties": {
        "volume": 0.00028317750421285036,
        "mass": 0.2208784532860233,
        "center_mass": [
          -0.13769449910210396,
          0.006387082984315481,
          -0.02448326138348713
        ],
        "inertia": [
          [
            8.210976035033349e-05,
            6.395406347570228e-05,
            -0.000245151668838002
          ],
          [
            6.395406347570228e-05,
            0.0014578825583489508,
            1.137158029421831e-05
          ],
          [
            -0.000245151668838002,
            1.137158029421831e-05,
            0.0014172590584079136
          ]
        ]
      },
      "default_world_origin": [
        -0.44264913864690586,
        0.16889015342679287,
        -0.09
      ]
    },
    {
      "name": "leg_2_knee",
      "leg_id": 2,
      "role": "joint_sphere",
      "mesh_path": "meshes/leg_2_knee.stl",
      "mass_properties": {
        "volume": 0.00012649392263683397,
        "mass": 0.0986652596567305,
        "center_mass": [
          0.0,
          0.0,
          1.64776518182891e-19
        ],
        "inertia": [
          [
            3.8273693179097886e-05,
            -6.88214269644119e-22,
            1.0215680565029892e-22
          ],
          [
            -6.88214269644119e-22,
            3.8273693179097886e-05,
            -1.0081263715490025e-23
          ],
          [
            1.0215680565029892e-22,
            -1.0081263715490025e-23,
            3.8273693179097886e-05
          ]
        ]
      },
      "default_world_origin": [
        -0.7180381368511138,
        0.18166431939542382,
        -0.13896652276697427
      ]
    },
    {
      "name": "leg_2_lower",
      "leg_id": 2,
      "role": "lower_link",
      "mesh_path": "meshes/leg_2_lower.stl",
      "mass_properties": {
        "volume": 0.00025680154239188246,
        "mass": 0.20030520306566832,
        "center_mass": [
          -0.03281405263065742,
          0.02062648061404632,
          -0.14490612908856107
        ],
        "inertia": [
          [
            0.0014446929703439463,
            4.4780964767187825e-05,
            -0.0003145973558303221
          ],
          [
            4.4780964767187825e-05,
            0.0014877849474593647,
            0.00019775174783506766
          ],
          [
            -0.0003145973558303221,
            0.00019775174783506766,
            0.00012667872093090815
          ]
        ]
      },
      "default_world_origin": [
        -0.7180381368511138,
        0.18166431939542382,
        -0.13896652276697427
      ]
    },
    {
      "name": "leg_2_foot",
      "leg_id": 2,
      "role": "foot",
      "mesh_path": "meshes/leg_2_foot.stl",
      "mass_properties": {
        "volume": 7.320250152594556e-05,
        "mass": 0.05709795119023754,
        "center_mass": [
          0.0,
          0.0,
          -4.5081874481138355e-20
        ],
        "inertia": [
          [
            1.538133888691883e-05,
            -0.0,
            -3.494838088036542e-23
          ],
          [
            -0.0,
            1.538133888691883e-05,
            -1.075334796318936e-23
          ],
          [
            -3.494838088036542e-23,
            -1.075334796318936e-23,
            1.538133888691883e-05
          ]
        ]
      },
      "default_world_origin": [
        -0.7836662421124287,
        0.22291728062351657,
        -0.42877878094409705
      ]
    },
    {
      "name": "leg_3_hip",
      "leg_id": 3,
      "role": "joint_sphere",
      "mesh_path": "meshes/leg_3_hip.stl",
      "mass_properties": {
        "volume": 0.00017351704065409314,
        "mass": 0.13534329171019266,
        "center_mass": [
          -8.135924710538599e-19,
          0.0,
          3.645871534715235e-19
        ],
        "inertia": [
          [
            6.481683547409416e-05,
            -6.88214269644119e-22,
            1.4785853449385365e-22
          ],
          [
            -6.88214269644119e-22,
            6.481683547409416e-05,
            8.06501097239202e-24
          ],
          [
            1.4785853449385365e-22,
            8.06501097239202e-24,
            6.481683547409416e-05
          ]
        ]
      },
      "default_world_origin": [
        -0.3188677057491603,
        -0.0004985604086289736,
        -0.09
      ]
    },
    {
      "name": "leg_3_swing_node",
      "leg_id": 3,
      "role": "joint_sphere",
      "mesh_path": "meshes/leg_3_swing_node.stl",
      "mass_properties": {
        "volume": 4.7652117289630343e-05,
        "mass": 0.03716865148591167,
        "center_mass": [
          -3.7031974103498394e-19,
          0.0,
          -1.9573785140154793e-20
        ],
        "inertia": [
          [
            7.52063665427589e-06,
            1.7205356741102976e-22,
            -3.6964633623463424e-24
          ],
          [
            1.7205356741102976e-22,
            7.52063665427589e-06,
            2.8143527872409653e-24
          ],
          [
            -3.6964633623463424e-24,
            2.8143527872409653e-24,
            7.520636654275889e-06
          ]
        ]
      },
      "default_world_origin": [
        -0.3188677057491603,
        -0.0004985604086289736,
        -0.09
      ]
    },
    {
      "name": "leg_3_upper",
      "leg_id": 3,
      "role": "upper_link",
      "mesh_path": "meshes/leg_3_upper.stl",
      "mass_properties": {
        "volume": 0.00028317750421285036,
        "mass": 0.2208784532860233,
        "center_mass": [
          -0.12859539493656663,
          -0.05095883994173384,
          -0.021596782929437126
        ],
        "inertia": [
          [
            0.00025830830461807106,
            -0.00047653405644922396,
            -0.0002019591220558664
          ],
          [
            -0.00047653405644922396,
            0.0012720117041893485,
            -8.00308796492639e-05
          ],
          [
            -0.0002019591220558664,
            -8.00308796492639e-05,
            0.0014269313682997791
          ]
        ]
      },
      "default_world_origin": [
        -0.3188677057491603,
        -0.0004985604086289736,
        -0.09
      ]
    },
    {
      "name": "leg_3_knee",
      "leg_id": 3,
      "role": "joint_sphere",
      "mesh_path": "meshes/leg_3_knee.stl",
      "mass_properties": {
        "volume": 0.00012649392263683397,
        "mass": 0.0986652596567305,
        "center_mass": [
          0.0,
          0.0,
          1.64776518182891e-19
        ],
        "inertia": [
          [
            3.8273693179097886e-05,
            -6.88214269644119e-22,
            1.0215680565029892e-22
          ],
          [
            -6.88214269644119e-22,
            3.8273693179097886e-05,
            -1.0081263715490025e-23
          ],
          [
            1.0215680565029892e-22,
            -1.0081263715490025e-23,
            3.8273693179097886e-05
          ]
        ]
      },
      "default_world_origin": [
        -0.5760584956222934,
        -0.10241624029209674,
        -0.13319356585887418
      ]
    },
    {
      "name": "leg_3_lower",
      "leg_id": 3,
      "role": "lower_link",
      "mesh_path": "meshes/leg_3_lower.stl",
      "mass_properties": {
        "volume": 0.0002568015423918823,
        "mass": 0.20030520306566818,
        "center_mass": [
          -0.03398704073526821,
          0.012582039899127768,
          -0.1455560831227467
        ],
        "inertia": [
          [
            0.0014395087241044083,
            2.829259954938035e-05,
            -0.0003273046346048932
          ],
          [
            2.829259954938035e-05,
            0.0015054597196771423,
            0.00012116853608542654
          ],
          [
            -0.0003273046346048932,
            0.00012116853608542654,
            0.00011418819495265744
          ]
        ]
      },
      "default_world_origin": [
        -0.5760584956222934,
        -0.10241624029209674,
        -0.13319356585887418
      ]
    },
    {
      "name": "leg_3_foot",
      "leg_id": 3,
      "role": "foot",
      "mesh_path": "meshes/leg_3_foot.stl",
      "mass_properties": {
        "volume": 7.320250152594556e-05,
        "mass": 0.05709795119023754,
        "center_mass": [
          0.0,
          0.0,
          -4.5081874481138355e-20
        ],
        "inertia": [
          [
            1.538133888691883e-05,
            -0.0,
            -3.494838088036542e-23
          ],
          [
            -0.0,
            1.538133888691883e-05,
            -1.075334796318936e-23
          ],
          [
            -3.494838088036542e-23,
            -1.075334796318936e-23,
            1.538133888691883e-05
          ]
        ]
      },
      "default_world_origin": [
        -0.6440325770928298,
        -0.0772521604938412,
        -0.42430573210436784
      ]
    },
    {
      "name": "leg_4_hip",
      "leg_id": 4,
      "role": "joint_sphere",
      "mesh_path": "meshes/leg_4_hip.stl",
      "mass_properties": {
        "volume": 0.00017351704065409314,
        "mass": 0.13534329171019266,
        "center_mass": [
          -8.135924710538599e-19,
          0.0,
          3.645871534715235e-19
        ],
        "inertia": [
          [
            6.481683547409416e-05,
            -6.88214269644119e-22,
            1.4785853449385365e-22
          ],
          [
            -6.88214269644119e-22,
            6.481683547409416e-05,
            8.06501097239202e-24
          ],
          [
            1.4785853449385365e-22,
            8.06501097239202e-24,
            6.481683547409416e-05
          ]
        ]
      },
      "default_world_origin": [
        -0.18791795482124904,
        -0.1761835743109678,
        -0.09
      ]
    },
    {
      "name": "leg_4_swing_node",
      "leg_id": 4,
      "role": "joint_sphere",
      "mesh_path": "meshes/leg_4_swing_node.stl",
      "mass_properties": {
        "volume": 4.7652117289630343e-05,
        "mass": 0.03716865148591167,
        "center_mass": [
          -3.7031974103498394e-19,
          0.0,
          -1.9573785140154793e-20
        ],
        "inertia": [
          [
            7.52063665427589e-06,
            1.7205356741102976e-22,
            -3.6964633623463424e-24
          ],
          [
            1.7205356741102976e-22,
            7.52063665427589e-06,
            2.8143527872409653e-24
          ],
          [
            -3.6964633623463424e-24,
            2.8143527872409653e-24,
            7.520636654275889e-06
          ]
        ]
      },
      "default_world_origin": [
        -0.18791795482124904,
        -0.1761835743109678,
        -0.09
      ]
    },
    {
      "name": "leg_4_upper",
      "leg_id": 4,
      "role": "upper_link",
      "mesh_path": "meshes/leg_4_upper.stl",
      "mass_properties": {
        "volume": 0.00028317750421285047,
        "mass": 0.22087845328602337,
        "center_mass": [
          -0.12904283939936995,
          -0.05129618786025164,
          -0.01779456969848346
        ],
        "inertia": [
          [
            0.00024992532430050856,
            -0.00048135778052328096,
            -0.00016698228333778543
          ],
          [
            -0.00048135778052328096,
            0.001269503218080983,
            -6.637760464119607e-05
          ],
          [
            -0.00016698228333778543,
            -6.637760464119607e-05,
            0.0014378228347257168
          ]
        ]
      },
      "default_world_origin": [
        -0.18791795482124904,
        -0.1761835743109678,
        -0.09
      ]
    },
    {
      "name": "leg_4_knee",
      "leg_id": 4,
      "role": "joint_sphere",
      "mesh_path": "meshes/leg_4_knee.stl",
      "mass_properties": {
        "volume": 0.00012649392263683397,
        "mass": 0.0986652596567305,
        "center_mass": [
          0.0,
          0.0,
          1.64776518182891e-19
        ],
        "inertia": [
          [
            3.8273693179097886e-05,
            -6.88214269644119e-22,
            1.0215680565029892e-22
          ],
          [
            -6.88214269644119e-22,
            3.8273693179097886e-05,
            -1.0081263715490025e-23
          ],
          [
            1.0215680565029892e-22,
            -1.0081263715490025e-23,
            3.8273693179097886e-05
          ]
        ]
      },
      "default_world_origin": [
        -0.44600363361998896,
        -0.27877595003147115,
        -0.12558913939696686
      ]
    },
    {
      "name": "leg_4_lower",
      "leg_id": 4,
      "role": "lower_link",
      "mesh_path": "meshes/leg_4_lower.stl",
      "mass_properties": {
        "volume": 0.000256801542391882,
        "mass": 0.20030520306566793,
        "center_mass": [
          -0.007089026091908934,
          -0.029140838793402454,
          -0.14697128026755835
        ],
        "inertia": [
          [
            0.001512608748179565,
            -1.366775123892589e-05,
            -6.893305001289932e-05
          ],
          [
            -1.366775123892589e-05,
            0.0014597496861925789,
            -0.0002833628867943029
          ],
          [
            -6.893305001289932e-05,
            -0.0002833628867943029,
            8.679820436205613e-05
          ]
        ]
      },
      "default_world_origin": [
        -0.44600363361998896,
        -0.27877595003147115,
        -0.12558913939696686
      ]
    },
    {
      "name": "leg_4_foot",
      "leg_id": 4,
      "role": "foot",
      "mesh_path": "meshes/leg_4_foot.stl",
      "mass_properties": {
        "volume": 7.320250152594556e-05,
        "mass": 0.05709795119023754,
        "center_mass": [
          0.0,
          0.0,
          -4.5081874481138355e-20
        ],
        "inertia": [
          [
            1.538133888691883e-05,
            -0.0,
            -3.494838088036542e-23
          ],
          [
            -0.0,
            1.538133888691883e-05,
            -1.075334796318936e-23
          ],
          [
            -3.494838088036542e-23,
            -1.075334796318936e-23,
            1.538133888691883e-05
          ]
        ]
      },
      "default_world_origin": [
        -0.4601816858038068,
        -0.337057627618276,
        -0.41953169993208345
      ]
    },
    {
      "name": "leg_5_hip",
      "leg_id": 5,
      "role": "joint_sphere",
      "mesh_path": "meshes/leg_5_hip.stl",
      "mass_properties": {
        "volume": 0.00017351704065409314,
        "mass": 0.13534329171019266,
        "center_mass": [
          -8.135924710538599e-19,
          0.0,
          3.645871534715235e-19
        ],
        "inertia": [
          [
            6.481683547409416e-05,
            -6.88214269644119e-22,
            1.4785853449385365e-22
          ],
          [
            -6.88214269644119e-22,
            6.481683547409416e-05,
            8.06501097239202e-24
          ],
          [
            1.4785853449385365e-22,
            8.06501097239202e-24,
            6.481683547409416e-05
          ]
        ]
      },
      "default_world_origin": [
        0.006472534715791,
        -0.26410431518276606,
        -0.09
      ]
    },
    {
      "name": "leg_5_swing_node",
      "leg_id": 5,
      "role": "joint_sphere",
      "mesh_path": "meshes/leg_5_swing_node.stl",
      "mass_properties": {
        "volume": 4.7652117289630343e-05,
        "mass": 0.03716865148591167,
        "center_mass": [
          -3.7031974103498394e-19,
          0.0,
          -1.9573785140154793e-20
        ],
        "inertia": [
          [
            7.52063665427589e-06,
            1.7205356741102976e-22,
            -3.6964633623463424e-24
          ],
          [
            1.7205356741102976e-22,
            7.52063665427589e-06,
            2.8143527872409653e-24
          ],
          [
            -3.6964633623463424e-24,
            2.8143527872409653e-24,
            7.520636654275889e-06
          ]
        ]
      },
      "default_world_origin": [
        0.006472534715791,
        -0.26410431518276606,
        -0.09
      ]
    },
    {
      "name": "leg_5_upper",
      "leg_id": 5,
      "role": "upper_link",
      "mesh_path": "meshes/leg_5_upper.stl",
      "mass_properties": {
        "volume": 0.0002831775042128504,
        "mass": 0.22087845328602332,
        "center_mass": [
          0.008682894722659153,
          -0.13926505946025786,
          -0.011395198671636724
        ],
        "inertia": [
          [
            0.0014553666322733314,
            8.793377111078849e-05,
            7.1950767524686475e-06
          ],
          [
            8.793377111078849e-05,
            5.04782460056809e-05,
            -0.000115401928015867
          ],
          [
            7.1950767524686475e-06,
            -0.000115401928015867,
            0.0014514064988281822
          ]
        ]
      },
      "default_world_origin": [
        0.006472534715791,
        -0.26410431518276606,
        -0.09
      ]
    },
    {
      "name": "leg_5_knee",
      "leg_id": 5,
      "role": "joint_sphere",
      "mesh_path": "meshes/leg_5_knee.stl",
      "mass_properties": {
        "volume": 0.00012649392263683397,
        "mass": 0.0986652596567305,
        "center_mass": [
          0.0,
          0.0,
          1.64776518182891e-19
        ],
        "inertia": [
          [
            3.8273693179097886e-05,
            -6.88214269644119e-22,
            1.0215680565029892e-22
          ],
          [
            -6.88214269644119e-22,
            3.8273693179097886e-05,
            -1.0081263715490025e-23
          ],
          [
            1.0215680565029892e-22,
            -1.0081263715490025e-23,
            3.8273693179097886e-05
          ]
        ]
      },
      "default_world_origin": [
        0.023838324161109307,
        -0.5426344341032817,
        -0.11279039734327342
      ]
    },
    {
      "name": "leg_5_lower",
      "leg_id": 5,
      "role": "lower_link",
      "mesh_path": "meshes/leg_5_lower.stl",
      "mass_properties": {
        "volume": 0.00025680154239188187,
        "mass": 0.20030520306566785,
        "center_mass": [
          0.009726649480242124,
          -0.017699722639115574,
          -0.14863415525506546
        ],
        "inertia": [
          [
            0.0015096742384922174,
            1.1390378842532607e-05,
            9.565117893732181e-05
          ],
          [
            1.1390378842532607e-05,
            0.0014952064365162333,
            -0.00017405781309730732
          ],
          [
            9.565117893732181e-05,
            -0.00017405781309730732,
            5.427596372574643e-05
          ]
        ]
      },
      "default_world_origin": [
        0.023838324161109307,
        -0.5426344341032817,
        -0.11279039734327342
      ]
    },
    {
      "name": "leg_5_foot",
      "leg_id": 5,
      "role": "foot",
      "mesh_path": "meshes/leg_5_foot.stl",
      "mass_properties": {
        "volume": 7.320250152594556e-05,
        "mass": 0.05709795119023754,
        "center_mass": [
          0.0,
          0.0,
          -4.5081874481138355e-20
        ],
        "inertia": [
          [
            1.538133888691883e-05,
            -0.0,
            -3.494838088036542e-23
          ],
          [
            -0.0,
            1.538133888691883e-05,
            -1.075334796318936e-23
          ],
          [
            -3.494838088036542e-23,
            -1.075334796318936e-23,
            1.538133888691883e-05
          ]
        ]
      },
      "default_world_origin": [
        0.043291623121593556,
        -0.5780338793815128,
        -0.41005870785340426
      ]
    },
    {
      "name": "leg_6_hip",
      "leg_id": 6,
      "role": "joint_sphere",
      "mesh_path": "meshes/leg_6_hip.stl",
      "mass_properties": {
        "volume": 0.00017351704065409314,
        "mass": 0.13534329171019266,
        "center_mass": [
          -8.135924710538599e-19,
          0.0,
          3.645871534715235e-19
        ],
        "inertia": [
          [
            6.481683547409416e-05,
            -6.88214269644119e-22,
            1.4785853449385365e-22
          ],
          [
            -6.88214269644119e-22,
            6.481683547409416e-05,
            8.06501097239202e-24
          ],
          [
            1.4785853449385365e-22,
            8.06501097239202e-24,
            6.481683547409416e-05
          ]
        ]
      },
      "default_world_origin": [
        0.19526198344429269,
        -0.16699150216676775,
        -0.09
      ]
    },
    {
      "name": "leg_6_swing_node",
      "leg_id": 6,
      "role": "joint_sphere",
      "mesh_path": "meshes/leg_6_swing_node.stl",
      "mass_properties": {
        "volume": 4.7652117289630343e-05,
        "mass": 0.03716865148591167,
        "center_mass": [
          -3.7031974103498394e-19,
          0.0,
          -1.9573785140154793e-20
        ],
        "inertia": [
          [
            7.52063665427589e-06,
            1.7205356741102976e-22,
            -3.6964633623463424e-24
          ],
          [
            1.7205356741102976e-22,
            7.52063665427589e-06,
            2.8143527872409653e-24
          ],
          [
            -3.6964633623463424e-24,
            2.8143527872409653e-24,
            7.520636654275889e-06
          ]
        ]
      },
      "default_world_origin": [
        0.19526198344429269,
        -0.16699150216676775,
        -0.09
      ]
    },
    {
      "name": "leg_6_upper",
      "leg_id": 6,
      "role": "upper_link",
      "mesh_path": "meshes/leg_6_upper.stl",
      "mass_properties": {
        "volume": 0.0002831775042128506,
        "mass": 0.22087845328602346,
        "center_mass": [
          0.053133604017875986,
          -0.12747496788174037,
          -0.022955450063564784
        ],
        "inertia": [
          [
            0.0012555497893689672,
            0.0004925418988767379,
            8.869600951276527e-05
          ],
          [
            0.0004925418988767379,
            0.00027917203194966384,
            -0.00021279416619423083
          ],
          [
            8.869600951276527e-05,
            -0.00021279416619423083,
            0.001422529555788572
          ]
        ]
      },
      "default_world_origin": [
        0.19526198344429269,
        -0.16699150216676775,
        -0.09
      ]
    },
    {
      "name": "leg_6_knee",
      "leg_id": 6,
      "role": "joint_sphere",
      "mesh_path": "meshes/leg_6_knee.stl",
      "mass_properties": {
        "volume": 0.00012649392263683397,
        "mass": 0.0986652596567305,
        "center_mass": [
          0.0,
          0.0,
          1.64776518182891e-19
        ],
        "inertia": [
          [
            3.8273693179097886e-05,
            -6.88214269644119e-22,
            1.0215680565029892e-22
          ],
          [
            -6.88214269644119e-22,
            3.8273693179097886e-05,
            -1.0081263715490025e-23
          ],
          [
            1.0215680565029892e-22,
            -1.0081263715490025e-23,
            3.8273693179097886e-05
          ]
        ]
      },
      "default_world_origin": [
        0.30152919148004464,
        -0.4219414379302485,
        -0.1359109001271296
      ]
    },
    {
      "name": "leg_6_lower",
      "leg_id": 6,
      "role": "lower_link",
      "mesh_path": "meshes/leg_6_lower.stl",
      "mass_properties": {
        "volume": 0.00025680154239188154,
        "mass": 0.2003052030656676,
        "center_mass": [
          0.03225764856283161,
          -0.019262021228974163,
          -0.14521852033184837
        ],
        "inertia": [
          [
            0.0014470884412458185,
            4.1109576785143385e-05,
            0.00030992967151480293
          ],
          [
            4.1109576785143385e-05,
            0.0014913858948839781,
            -0.00018506841565277016
          ],
          [
            0.00030992967151480293,
            -0.00018506841565277016,
            0.0001206823026043896
          ]
        ]
      },
      "default_world_origin": [
        0.30152919148004464,
        -0.4219414379302485,
        -0.1359109001271296
      ]
    },
    {
      "name": "leg_6_foot",
      "leg_id": 6,
      "role": "foot",
      "mesh_path": "meshes/leg_6_foot.stl",
      "mass_properties": {
        "volume": 7.320250152594556e-05,
        "mass": 0.05709795119023754,
        "center_mass": [
          0.0,
          0.0,
          -4.5081874481138355e-20
        ],
        "inertia": [
          [
            1.538133888691883e-05,
            -0.0,
            -3.494838088036542e-23
          ],
          [
            -0.0,
            1.538133888691883e-05,
            -1.075334796318936e-23
          ],
          [
            -3.494838088036542e-23,
            -1.075334796318936e-23,
            1.538133888691883e-05
          ]
        ]
      },
      "default_world_origin": [
        0.3660444886057078,
        -0.4604654803881967,
        -0.42634794079082594
      ]
    },
    {
      "name": "leg_7_hip",
      "leg_id": 7,
      "role": "joint_sphere",
      "mesh_path": "meshes/leg_7_hip.stl",
      "mass_properties": {
