{
  "robot_name": "variant_04_seed75",
  "seed": 75,
  "density": 780.0,
  "num_legs": 8,
  "asset_root": "robot_assets",
  "mesh_root": "meshes",
  "preview_mesh": "meshes/assembled_preview.stl",
  "trunk_polygon_xy": [
    [
      -0.013267357885624144,
      -0.35191606027114336
    ],
    [
      0.3323139890967124,
      -0.08360291990251856
    ],
    [
      0.34366278194544286,
      0.030896414373453637
    ],
    [
      0.2303184339680494,
      0.28225404118900277
    ],
    [
      -0.28293702934882226,
      0.13232452651903373
    ],
    [
      -0.15372566458312367,
      -0.22994956112179074
    ]
  ],
  "trunk_bottom_z": -0.09,
  "links": [
    {
      "name": "base_link",
      "leg_id": null,
      "role": "trunk",
      "mesh_path": "meshes/trunk.stl",
      "mass_properties": {
        "volume": 0.04443534575417355,
        "mass": 34.65956968825537,
        "center_mass": [
          0.04320654585572159,
          -0.011896479065061258,
          0.0
        ],
        "inertia": [
          [
            0.7739050595473908,
            -0.09305905373053457,
            -5.637851296924623e-18
          ],
          [
            -0.09305905373053457,
            0.8453835313034678,
            1.0570971181733668e-18
          ],
          [
            -5.637851296924623e-18,
            1.0570971181733668e-18,
            1.4321269145342799
          ]
        ]
      },
      "default_world_origin": [
        0.0,
        0.0,
        0.0
      ]
    },
    {
      "name": "leg_0_hip",
      "leg_id": 0,
      "role": "joint_sphere",
      "mesh_path": "meshes/leg_0_hip.stl",
      "mass_properties": {
        "volume": 0.00017351704065409314,
        "mass": 0.13534329171019266,
        "center_mass": [
          -8.135924710538599e-19,
          0.0,
          3.645871534715235e-19
        ],
        "inertia": [
          [
            6.481683547409416e-05,
            -6.88214269644119e-22,
            1.4785853449385365e-22
          ],
          [
            -6.88214269644119e-22,
            6.481683547409416e-05,
            8.06501097239202e-24
          ],
          [
            1.4785853449385365e-22,
            8.06501097239202e-24,
            6.481683547409416e-05
          ]
        ]
      },
      "default_world_origin": [
        -0.01745361317467711,
        -0.3771207774220038,
        -0.09
      ]
    },
    {
      "name": "leg_0_swing_node",
      "leg_id": 0,
      "role": "joint_sphere",
      "mesh_path": "meshes/leg_0_swing_node.stl",
      "mass_properties": {
        "volume": 4.7652117289630343e-05,
        "mass": 0.03716865148591167,
        "center_mass": [
          -3.7031974103498394e-19,
          0.0,
          -1.9573785140154793e-20
        ],
        "inertia": [
          [
            7.52063665427589e-06,
            1.7205356741102976e-22,
            -3.6964633623463424e-24
          ],
          [
            1.7205356741102976e-22,
            7.52063665427589e-06,
            2.8143527872409653e-24
          ],
          [
            -3.6964633623463424e-24,
            2.8143527872409653e-24,
            7.520636654275889e-06
          ]
        ]
      },
      "default_world_origin": [
        -0.01745361317467711,
        -0.3771207774220038,
        -0.09
      ]
    },
    {
      "name": "leg_0_upper",
      "leg_id": 0,
      "role": "upper_link",
      "mesh_path": "meshes/leg_0_upper.stl",
      "mass_properties": {
        "volume": 0.00028317750421285015,
        "mass": 0.22087845328602312,
        "center_mass": [
          -0.047004659403275854,
          -0.13105446118441405,
          -0.014672770632876562
        ],
        "inertia": [
          [
            0.0013001805970992279,
            -0.0004479625556720983,
            -5.0153590897183626e-05
          ],
          [
            -0.0004479625556720983,
            0.00021187738242877524,
            -0.0001398340486865821
          ],
          [
            -5.0153590897183626e-05,
            -0.0001398340486865821,
            0.0014451933975791827
          ]
        ]
      },
      "default_world_origin": [
        -0.01745361317467711,
        -0.3771207774220038,
        -0.09
      ]
    },
    {
      "name": "leg_0_knee",
      "leg_id": 0,
      "role": "joint_sphere",
      "mesh_path": "meshes/leg_0_knee.stl",
      "mass_properties": {
        "volume": 0.00012649392263683397,
        "mass": 0.0986652596567305,
        "center_mass": [
          0.0,
          0.0,
          1.64776518182891e-19
        ],
        "inertia": [
          [
            3.8273693179097886e-05,
            -6.88214269644119e-22,
            1.0215680565029892e-22
          ],
          [
            -6.88214269644119e-22,
            3.8273693179097886e-05,
            -1.0081263715490025e-23
          ],
          [
            1.0215680565029892e-22,
            -1.0081263715490025e-23,
            3.8273693179097886e-05
          ]
        ]
      },
      "default_world_origin": [
        -0.11146293198122882,
        -0.6392296997908314,
        -0.11934554126575307
      ]
    },
    {
      "name": "leg_0_lower",
      "leg_id": 0,
      "role": "lower_link",
      "mesh_path": "meshes/leg_0_lower.stl",
      "mass_properties": {
        "volume": 0.00025680154239188214,
        "mass": 0.20030520306566807,
        "center_mass": [
          0.010225309830673249,
          -0.012562946663406314,
          -0.1491228198834744
        ],
        "inertia": [
          [
            0.0015090159764225715,
            8.499168407411574e-06,
            0.00010088556399507203
          ],
          [
            8.499168407411574e-06,
            0.0015054914839841343,
            -0.00012394929645807173
          ],
          [
            0.00010088556399507203,
            -0.00012394929645807173,
            4.4649178327494175e-05
          ]
        ]
      },
      "default_world_origin": [
        -0.11146293198122882,
        -0.6392296997908314,
        -0.11934554126575307
      ]
    },
    {
      "name": "leg_0_foot",
      "leg_id": 0,
      "role": "foot",
      "mesh_path": "meshes/leg_0_foot.stl",
      "mass_properties": {
        "volume": 7.320250152594556e-05,
        "mass": 0.05709795119023754,
        "center_mass": [
          0.0,
          0.0,
          -4.5081874481138355e-20
        ],
        "inertia": [
          [
            1.538133888691883e-05,
            -0.0,
            -3.494838088036542e-23
          ],
          [
            -0.0,
            1.538133888691883e-05,
            -1.075334796318936e-23
          ],
          [
            -3.494838088036542e-23,
            -1.075334796318936e-23,
            1.538133888691883e-05
          ]
        ]
      },
      "default_world_origin": [
        -0.09101231231988233,
        -0.664355593117644,
        -0.4175911810327019
      ]
    },
    {
      "name": "leg_1_hip",
      "leg_id": 1,
      "role": "joint_sphere",
      "mesh_path": "meshes/leg_1_hip.stl",
      "mass_properties": {
        "volume": 0.00017351704065409314,
        "mass": 0.13534329171019266,
        "center_mass": [
          -8.135924710538599e-19,
          0.0,
          3.645871534715235e-19
        ],
        "inertia": [
          [
            6.481683547409416e-05,
            -6.88214269644119e-22,
            1.4785853449385365e-22
          ],
          [
            -6.88214269644119e-22,
            6.481683547409416e-05,
            8.06501097239202e-24
          ],
          [
            1.4785853449385365e-22,
            8.06501097239202e-24,
            6.481683547409416e-05
          ]
        ]
      },
      "default_world_origin": [
        0.11305603032740921,
        -0.28352261774771337,
        -0.09
      ]
    },
    {
      "name": "leg_1_swing_node",
      "leg_id": 1,
      "role": "joint_sphere",
      "mesh_path": "meshes/leg_1_swing_node.stl",
      "mass_properties": {
        "volume": 4.7652117289630343e-05,
        "mass": 0.03716865148591167,
        "center_mass": [
          -3.7031974103498394e-19,
          0.0,
          -1.9573785140154793e-20
        ],
        "inertia": [
          [
            7.52063665427589e-06,
            1.7205356741102976e-22,
            -3.6964633623463424e-24
          ],
          [
            1.7205356741102976e-22,
            7.52063665427589e-06,
            2.8143527872409653e-24
          ],
          [
            -3.6964633623463424e-24,
            2.8143527872409653e-24,
            7.520636654275889e-06
          ]
        ]
      },
      "default_world_origin": [
        0.11305603032740921,
        -0.28352261774771337,
        -0.09
      ]
    },
    {
      "name": "leg_1_upper",
      "leg_id": 1,
      "role": "upper_link",
      "mesh_path": "meshes/leg_1_upper.stl",
      "mass_properties": {
        "volume": 0.00028317750421285085,
        "mass": 0.22087845328602365,
        "center_mass": [
          0.07716369670635798,
          -0.11507608495512842,
          -0.020081299310781623
        ],
        "inertia": [
          [
            0.0010278619378215274,
            0.0006457242520032138,
            0.0001126818137909647
          ],
          [
            0.0006457242520032138,
            0.0004978649491249006,
            -0.00016804511098077686
          ],
          [
            0.0001126818137909647,
            -0.00016804511098077686,
            0.0014315244901607883
          ]
        ]
      },
      "default_world_origin": [
        0.11305603032740921,
        -0.28352261774771337,
        -0.09
      ]
    },
    {
      "name": "leg_1_knee",
      "leg_id": 1,
      "role": "joint_sphere",
      "mesh_path": "meshes/leg_1_knee.stl",
      "mass_properties": {
        "volume": 0.00012649392263683397,
        "mass": 0.0986652596567305,
        "center_mass": [
          0.0,
          0.0,
          1.64776518182891e-19
        ],
        "inertia": [
          [
            3.8273693179097886e-05,
            -6.88214269644119e-22,
            1.0215680565029892e-22
          ],
          [
            -6.88214269644119e-22,
            3.8273693179097886e-05,
            -1.0081263715490025e-23
          ],
          [
            1.0215680565029892e-22,
            -1.0081263715490025e-23,
            3.8273693179097886e-05
          ]
        ]
      },
      "default_world_origin": [
        0.2673834237401252,
        -0.5136747876579708,
        -0.1301625986215632
      ]
    },
    {
      "name": "leg_1_lower",
      "leg_id": 1,
      "role": "lower_link",
      "mesh_path": "meshes/leg_1_lower.stl",
      "mass_properties": {
        "volume": 0.000256801542391882,
        "mass": 0.20030520306566793,
        "center_mass": [
          -0.008021906216147347,
          -0.033373000769786644,
          -0.14602017614110446
        ],
        "inertia": [
          [
            0.0015116760834727508,
            -1.7712557838047506e-05,
            -7.749949826995264e-05
          ],
          [
            -1.7712557838047506e-05,
            0.0014422452995588313,
            -0.0003224159876383293
          ],
          [
            -7.749949826995264e-05,
            -0.0003224159876383293,
            0.00010523525570261448
          ]
        ]
      },
      "default_world_origin": [
        0.2673834237401252,
        -0.5136747876579708,
        -0.1301625986215632
      ]
    },
    {
      "name": "leg_1_foot",
      "leg_id": 1,
      "role": "foot",
      "mesh_path": "meshes/leg_1_foot.stl",
      "mass_properties": {
        "volume": 7.320250152594556e-05,
        "mass": 0.05709795119023754,
        "center_mass": [
          0.0,
          0.0,
          -4.5081874481138355e-20
        ],
        "inertia": [
          [
            1.538133888691883e-05,
            -0.0,
            -3.494838088036542e-23
          ],
          [
            -0.0,
            1.538133888691883e-05,
            -1.075334796318936e-23
          ],
          [
            -3.494838088036542e-23,
            -1.075334796318936e-23,
            1.538133888691883e-05
          ]
        ]
      },
      "default_world_origin": [
        0.2513396113078305,
        -0.580420789197544,
        -0.422202950903772
      ]
    },
    {
      "name": "leg_2_hip",
      "leg_id": 2,
      "role": "joint_sphere",
      "mesh_path": "meshes/leg_2_hip.stl",
      "mass_properties": {
        "volume": 0.00017351704065409314,
        "mass": 0.13534329171019266,
        "center_mass": [
          -8.135924710538599e-19,
          0.0,
          3.645871534715235e-19
        ],
        "inertia": [
          [
            6.481683547409416e-05,
            -6.88214269644119e-22,
            1.4785853449385365e-22
          ],
          [
            -6.88214269644119e-22,
            6.481683547409416e-05,
            8.06501097239202e-24
          ],
          [
            1.4785853449385365e-22,
            8.06501097239202e-24,
            6.481683547409416e-05
          ]
        ]
      },
      "default_world_origin": [
        0.28254477628129365,
        0.22469246692113934,
        -0.09
      ]
    },
    {
      "name": "leg_2_swing_node",
      "leg_id": 2,
      "role": "joint_sphere",
      "mesh_path": "meshes/leg_2_swing_node.stl",
      "mass_properties": {
        "volume": 4.7652117289630343e-05,
        "mass": 0.03716865148591167,
        "center_mass": [
          -3.7031974103498394e-19,
          0.0,
          -1.9573785140154793e-20
        ],
        "inertia": [
          [
            7.52063665427589e-06,
            1.7205356741102976e-22,
            -3.6964633623463424e-24
          ],
          [
            1.7205356741102976e-22,
            7.52063665427589e-06,
            2.8143527872409653e-24
          ],
          [
            -3.6964633623463424e-24,
            2.8143527872409653e-24,
            7.520636654275889e-06
          ]
        ]
      },
      "default_world_origin": [
        0.28254477628129365,
        0.22469246692113934,
        -0.09
      ]
    },
    {
      "name": "leg_2_upper",
      "leg_id": 2,
      "role": "upper_link",
      "mesh_path": "meshes/leg_2_upper.stl",
      "mass_properties": {
        "volume": 0.0002831775042128509,
        "mass": 0.2208784532860237,
        "center_mass": [
          0.12541307434780669,
          0.05901615039727423,
          -0.019714329177473563
        ],
        "inertia": [
          [
            0.0003170898663304684,
            -0.0005382235367373028,
            0.00017979342777995155
          ],
          [
            -0.0005382235367373028,
            0.0012075750436872888,
            8.460613878961637e-05
          ],
          [
            0.00017979342777995155,
            8.460613878961637e-05,
            0.0014325864670894522
          ]
        ]
      },
      "default_world_origin": [
        0.28254477628129365,
        0.22469246692113934,
        -0.09
      ]
    },
    {
      "name": "leg_2_knee",
      "leg_id": 2,
      "role": "joint_sphere",
      "mesh_path": "meshes/leg_2_knee.stl",
      "mass_properties": {
        "volume": 0.00012649392263683397,
        "mass": 0.0986652596567305,
        "center_mass": [
          0.0,
          0.0,
          1.64776518182891e-19
        ],
        "inertia": [
          [
            3.8273693179097886e-05,
            -6.88214269644119e-22,
            1.0215680565029892e-22
          ],
          [
            -6.88214269644119e-22,
            3.8273693179097886e-05,
            -1.0081263715490025e-23
          ],
          [
            1.0215680565029892e-22,
            -1.0081263715490025e-23,
            3.8273693179097886e-05
          ]
        ]
      },
      "default_world_origin": [
        0.5333709249769072,
        0.3427247677156882,
        -0.1294286583549471
      ]
    },
    {
      "name": "leg_2_lower",
      "leg_id": 2,
      "role": "lower_link",
      "mesh_path": "meshes/leg_2_lower.stl",
      "mass_properties": {
        "volume": 0.0002568015423918819,
        "mass": 0.2003052030656679,
        "center_mass": [
          0.009420888184732523,
          0.0324268538410877,
          -0.14614973833633627
        ],
        "inertia": [
          [
            0.0015100615887817046,
            -2.0211805291822395e-05,
            9.109579576178091e-05
          ],
          [
            -2.0211805291822395e-05,
            0.001446364301157492,
            0.0003135532443206353
          ],
          [
            9.109579576178091e-05,
            0.0003135532443206353,
            0.00010273074879499286
          ]
        ]
      },
      "default_world_origin": [
        0.5333709249769072,
        0.3427247677156882,
        -0.1294286583549471
      ]
    },
    {
      "name": "leg_2_foot",
      "leg_id": 2,
      "role": "foot",
      "mesh_path": "meshes/leg_2_foot.stl",
      "mass_properties": {
        "volume": 7.320250152594556e-05,
        "mass": 0.05709795119023754,
        "center_mass": [
          0.0,
          0.0,
          -4.5081874481138355e-20
        ],
        "inertia": [
          [
            1.538133888691883e-05,
            -0.0,
            -3.494838088036542e-23
          ],
          [
            -0.0,
            1.538133888691883e-05,
            -1.075334796318936e-23
          ],
          [
            -3.494838088036542e-23,
            -1.075334796318936e-23,
            1.538133888691883e-05
          ]
        ]
      },
      "default_world_origin": [
        0.5522127013463722,
        0.4075784753978635,
        -0.42172813502761924
      ]
    },
    {
      "name": "leg_3_hip",
      "leg_id": 3,
      "role": "joint_sphere",
      "mesh_path": "meshes/leg_3_hip.stl",
      "mass_properties": {
        "volume": 0.00017351704065409314,
        "mass": 0.13534329171019266,
        "center_mass": [
          -8.135924710538599e-19,
          0.0,
          3.645871534715235e-19
        ],
        "inertia": [
          [
            6.481683547409416e-05,
            -6.88214269644119e-22,
            1.4785853449385365e-22
          ],
          [
            -6.88214269644119e-22,
            6.481683547409416e-05,
            8.06501097239202e-24
          ],
          [
            1.4785853449385365e-22,
            8.06501097239202e-24,
            6.481683547409416e-05
          ]
        ]
      },
      "default_world_origin": [
        0.17516867494168709,
        0.2864921542736731,
        -0.09
      ]
    },
    {
      "name": "leg_3_swing_node",
      "leg_id": 3,
      "role": "joint_sphere",
      "mesh_path": "meshes/leg_3_swing_node.stl",
      "mass_properties": {
        "volume": 4.7652117289630343e-05,
        "mass": 0.03716865148591167,
        "center_mass": [
          -3.7031974103498394e-19,
          0.0,
          -1.9573785140154793e-20
        ],
        "inertia": [
          [
            7.52063665427589e-06,
            1.7205356741102976e-22,
            -3.6964633623463424e-24
          ],
          [
            1.7205356741102976e-22,
            7.52063665427589e-06,
            2.8143527872409653e-24
          ],
          [
            -3.6964633623463424e-24,
            2.8143527872409653e-24,
            7.520636654275889e-06
          ]
        ]
      },
      "default_world_origin": [
        0.17516867494168709,
        0.2864921542736731,
        -0.09
      ]
    },
    {
      "name": "leg_3_upper",
      "leg_id": 3,
      "role": "upper_link",
      "mesh_path": "meshes/leg_3_upper.stl",
      "mass_properties": {
        "volume": 0.0002831775042128498,
        "mass": 0.22087845328602285,
        "center_mass": [
          0.08123492379035502,
          0.11303687434584393,
          -0.014951661944318165
        ],
        "inertia": [
          [
            0.000980967026780939,
            -0.0006677469480793251,
            8.832451082719972e-05
          ],
          [
            -0.0006677469480793251,
            0.0005316917584127906,
            0.0001229019018691753
          ],
          [
            8.832451082719972e-05,
            0.0001229019018691753,
            0.0014445925919134522
          ]
        ]
      },
      "default_world_origin": [
        0.17516867494168709,
        0.2864921542736731,
        -0.09
      ]
    },
    {
      "name": "leg_3_knee",
      "leg_id": 3,
      "role": "joint_sphere",
      "mesh_path": "meshes/leg_3_knee.stl",
      "mass_properties": {
        "volume": 0.00012649392263683397,
        "mass": 0.0986652596567305,
        "center_mass": [
          0.0,
          0.0,
          1.64776518182891e-19
        ],
        "inertia": [
          [
            3.8273693179097886e-05,
            -6.88214269644119e-22,
            1.0215680565029892e-22
          ],
          [
            -6.88214269644119e-22,
            3.8273693179097886e-05,
            -1.0081263715490025e-23
          ],
          [
            1.0215680565029892e-22,
            -1.0081263715490025e-23,
            3.8273693179097886e-05
          ]
        ]
      },
      "default_world_origin": [
        0.337638522522397,
        0.5125659029653604,
        -0.1199033238886362
      ]
    },
    {
      "name": "leg_3_lower",
      "leg_id": 3,
      "role": "lower_link",
      "mesh_path": "meshes/leg_3_lower.stl",
      "mass_properties": {
        "volume": 0.0002568015423918823,
        "mass": 0.20030520306566818,
        "center_mass": [
          -0.0075137916101985025,
          0.0167748095658255,
          -0.14886956942125132
        ],
        "inertia": [
          [
            0.0015121983604562644,
            8.33921531329062e-06,
            -7.400712289037427e-05
          ],
          [
            8.33921531329062e-06,
            0.0014973160735585235,
            0.00016522355921019273
          ],
          [
            -7.400712289037427e-05,
            0.00016522355921019273,
            4.96422047194197e-05
          ]
        ]
      },
      "default_world_origin": [
        0.337638522522397,
        0.5125659029653604,
        -0.1199033238886362
      ]
    },
    {
      "name": "leg_3_foot",
      "leg_id": 3,
      "role": "foot",
      "mesh_path": "meshes/leg_3_foot.stl",
      "mass_properties": {
        "volume": 7.320250152594556e-05,
        "mass": 0.05709795119023754,
        "center_mass": [
          0.0,
          0.0,
          -4.5081874481138355e-20
        ],
        "inertia": [
          [
            1.538133888691883e-05,
            -0.0,
            -3.494838088036542e-23
          ],
          [
            -0.0,
            1.538133888691883e-05,
            -1.075334796318936e-23
          ],
          [
            -3.494838088036542e-23,
            -1.075334796318936e-23,
            1.538133888691883e-05
          ]
        ]
      },
      "default_world_origin": [
        0.322610939302,
        0.5461155220970114,
        -0.41764246273113903
      ]
    },
    {
      "name": "leg_4_hip",
      "leg_id": 4,
      "role": "joint_sphere",
      "mesh_path": "meshes/leg_4_hip.stl",
      "mass_properties": {
        "volume": 0.00017351704065409314,
        "mass": 0.13534329171019266,
        "center_mass": [
          -8.135924710538599e-19,
          0.0,
          3.645871534715235e-19
        ],
        "inertia": [
          [
            6.481683547409416e-05,
            -6.88214269644119e-22,
            1.4785853449385365e-22
          ],
          [
            -6.88214269644119e-22,
            6.481683547409416e-05,
            8.06501097239202e-24
          ],
          [
            1.4785853449385365e-22,
            8.06501097239202e-24,
            6.481683547409416e-05
          ]
        ]
      },
      "default_world_origin": [
        0.0172731252158164,
        0.24618854142782082,
        -0.09
      ]
    },
    {
      "name": "leg_4_swing_node",
      "leg_id": 4,
      "role": "joint_sphere",
      "mesh_path": "meshes/leg_4_swing_node.stl",
      "mass_properties": {
        "volume": 4.7652117289630343e-05,
        "mass": 0.03716865148591167,
        "center_mass": [
          -3.7031974103498394e-19,
          0.0,
          -1.9573785140154793e-20
        ],
        "inertia": [
          [
            7.52063665427589e-06,
            1.7205356741102976e-22,
            -3.6964633623463424e-24
          ],
          [
            1.7205356741102976e-22,
            7.52063665427589e-06,
            2.8143527872409653e-24
          ],
          [
            -3.6964633623463424e-24,
            2.8143527872409653e-24,
            7.520636654275889e-06
          ]
        ]
      },
      "default_world_origin": [
        0.0172731252158164,
        0.24618854142782082,
        -0.09
      ]
    },
    {
      "name": "leg_4_upper",
      "leg_id": 4,
      "role": "upper_link",
      "mesh_path": "meshes/leg_4_upper.stl",
      "mass_properties": {
        "volume": 0.0002831775042128521,
        "mass": 0.22087845328602462,
        "center_mass": [
          -0.05859083119608516,
          0.12578175167611486,
          -0.018602834328129526
        ],
        "inertia": [
          [
            0.0012112124941518444,
            0.0005359154678472613,
            -7.926067596765339e-05
          ],
          [
            0.0005359154678472613,
            0.0003103553545685137,
            0.00017015540586682977
          ],
          [
            -7.926067596765339e-05,
            0.00017015540586682977,
            0.001435683528386888
          ]
        ]
      },
      "default_world_origin": [
        0.0172731252158164,
        0.24618854142782082,
        -0.09
      ]
    },
    {
      "name": "leg_4_knee",
      "leg_id": 4,
      "role": "joint_sphere",
      "mesh_path": "meshes/leg_4_knee.stl",
      "mass_properties": {
        "volume": 0.00012649392263683397,
        "mass": 0.0986652596567305,
        "center_mass": [
          0.0,
          0.0,
          1.64776518182891e-19
        ],
        "inertia": [
          [
            3.8273693179097886e-05,
            -6.88214269644119e-22,
            1.0215680565029892e-22
          ],
          [
            -6.88214269644119e-22,
            3.8273693179097886e-05,
            -1.0081263715490025e-23
          ],
          [
            1.0215680565029892e-22,
            -1.0081263715490025e-23,
            3.8273693179097886e-05
          ]
        ]
      },
      "default_world_origin": [
        -0.09990853717635409,
        0.49775204478005197,
        -0.1272056686562594
      ]
    },
    {
      "name": "leg_4_lower",
      "leg_id": 4,
      "role": "lower_link",
      "mesh_path": "meshes/leg_4_lower.stl",
      "mass_properties": {
        "volume": 0.0002568015423918823,
        "mass": 0.20030520306566818,
        "center_mass": [
          0.01454040894830098,
          0.028269781366284105,
          -0.146592619081312
        ],
        "inertia": [
          [
            0.0015019454759514148,
            -2.7196155364103688e-05,
            0.00014102534406300798
          ],
          [
            -2.7196155364103688e-05,
            0.001463058310598115,
            0.0002741845609667036
          ],
          [
            0.00014102534406300798,
            0.0002741845609667036,
            9.415285218467798e-05
          ]
        ]
      },
      "default_world_origin": [
        -0.09990853717635409,
        0.49775204478005197,
        -0.1272056686562594
      ]
    },
    {
      "name": "leg_4_foot",
      "leg_id": 4,
      "role": "foot",
      "mesh_path": "meshes/leg_4_foot.stl",
      "mass_properties": {
        "volume": 7.320250152594556e-05,
        "mass": 0.05709795119023754,
        "center_mass": [
          0.0,
          0.0,
          -4.5081874481138355e-20
        ],
        "inertia": [
          [
            1.538133888691883e-05,
            -0.0,
            -3.494838088036542e-23
          ],
          [
            -0.0,
            1.538133888691883e-05,
            -1.075334796318936e-23
          ],
          [
            -3.494838088036542e-23,
            -1.075334796318936e-23,
            1.538133888691883e-05
          ]
        ]
      },
      "default_world_origin": [
        -0.07082771927975212,
        0.5542916075126202,
        -0.4203909068188836
      ]
    },
    {
      "name": "leg_5_hip",
      "leg_id": 5,
      "role": "joint_sphere",
      "mesh_path": "meshes/leg_5_hip.stl",
      "mass_properties": {
        "volume": 0.00017351704065409314,
        "mass": 0.13534329171019266,
        "center_mass": [
          -8.135924710538599e-19,
          0.0,
          3.645871534715235e-19
        ],
        "inertia": [
          [
            6.481683547409416e-05,
            -6.88214269644119e-22,
            1.4785853449385365e-22
          ],
          [
            -6.88214269644119e-22,
            6.481683547409416e-05,
            8.06501097239202e-24
          ],
          [
            1.4785853449385365e-22,
            8.06501097239202e-24,
            6.481683547409416e-05
          ]
        ]
      },
      "default_world_origin": [
        -0.26885796468848056,
        0.0246761739028115,
        -0.09
      ]
    },
    {
      "name": "leg_5_swing_node",
      "leg_id": 5,
      "role": "joint_sphere",
      "mesh_path": "meshes/leg_5_swing_node.stl",
      "mass_properties": {
        "volume": 4.7652117289630343e-05,
        "mass": 0.03716865148591167,
        "center_mass": [
          -3.7031974103498394e-19,
          0.0,
          -1.9573785140154793e-20
        ],
        "inertia": [
          [
            7.52063665427589e-06,
            1.7205356741102976e-22,
            -3.6964633623463424e-24
          ],
          [
            1.7205356741102976e-22,
            7.52063665427589e-06,
            2.8143527872409653e-24
          ],
          [
            -3.6964633623463424e-24,
            2.8143527872409653e-24,
            7.520636654275889e-06
          ]
        ]
      },
      "default_world_origin": [
        -0.26885796468848056,
        0.0246761739028115,
        -0.09
      ]
    },
    {
      "name": "leg_5_upper",
      "leg_id": 5,
      "role": "upper_link",
      "mesh_path": "meshes/leg_5_upper.stl",
      "mass_properties": {
        "volume": 0.00028317750421285036,
        "mass": 0.2208784532860233,
        "center_mass": [
          -0.135144031546015,
          -0.030298050213778932,
          -0.02044795566146006
        ],
        "inertia": [
          [
            0.00013271255468748355,
            -0.0002977560165853193,
            -0.00020095358553141076
          ],
          [
            -0.0002977560165853193,
            0.0013940949617768969,
            -4.505194758080433e-05
          ],
          [
            -0.00020095358553141076,
            -4.505194758080433e-05,
            0.0014304438606428198
          ]
        ]
      },
      "default_world_origin": [
        -0.26885796468848056,
        0.0246761739028115,
        -0.09
      ]
    },
    {
      "name": "leg_5_knee",
      "leg_id": 5,
      "role": "joint_sphere",
      "mesh_path": "meshes/leg_5_knee.stl",
      "mass_properties": {
        "volume": 0.00012649392263683397,
        "mass": 0.0986652596567305,
        "center_mass": [
          0.0,
          0.0,
          1.64776518182891e-19
        ],
        "inertia": [
          [
            3.8273693179097886e-05,
            -6.88214269644119e-22,
            1.0215680565029892e-22
          ],
          [
            -6.88214269644119e-22,
            3.8273693179097886e-05,
            -1.0081263715490025e-23
          ],
          [
            1.0215680565029892e-22,
            -1.0081263715490025e-23,
            3.8273693179097886e-05
          ]
        ]
      },
      "default_world_origin": [
        -0.5391460277805106,
        -0.03591992652474628,
        -0.13089591132292014
      ]
    },
    {
      "name": "leg_5_lower",
      "leg_id": 5,
      "role": "lower_link",
      "mesh_path": "meshes/leg_5_lower.stl",
      "mass_properties": {
        "volume": 0.0002568015423918821,
        "mass": 0.200305203065668,
        "center_mass": [
          -0.02906653395858539,
          0.019207451013206655,
          -0.1458979452535563
        ],
        "inertia": [
          [
            0.0014600358426252018,
            3.69378339101887e-05,
            -0.0002805762235659571
          ],
          [
            3.69378339101887e-05,
            0.0014915247878786546,
            0.00018540752321182175
          ],
          [
            -0.0002805762235659571,
            0.00018540752321182175,
            0.00010759600823033498
          ]
        ]
      },
      "default_world_origin": [
        -0.5391460277805106,
        -0.03591992652474628,
        -0.13089591132292014
      ]
    },
    {
      "name": "leg_5_foot",
      "leg_id": 5,
      "role": "foot",
      "mesh_path": "meshes/leg_5_foot.stl",
      "mass_properties": {
        "volume": 7.320250152594556e-05,
        "mass": 0.05709795119023754,
        "center_mass": [
          0.0,
          0.0,
          -4.5081874481138355e-20
        ],
        "inertia": [
          [
            1.538133888691883e-05,
            -0.0,
            -3.494838088036542e-23
          ],
          [
            -0.0,
            1.538133888691883e-05,
            -1.075334796318936e-23
          ],
          [
            -3.494838088036542e-23,
            -1.075334796318936e-23,
            1.538133888691883e-05
          ]
        ]
      },
      "default_world_origin": [
        -0.5972790956976813,
        0.0024949755016670586,
        -0.4226918018300324
      ]
    },
    {
      "name": "leg_6_hip",
      "leg_id": 6,
      "role": "joint_sphere",
      "mesh_path": "meshes/leg_6_hip.stl",
      "mass_properties": {
        "volume": 0.00017351704065409314,
        "mass": 0.13534329171019266,
        "center_mass": [
          -8.135924710538599e-19,
          0.0,
          3.645871534715235e-19
        ],
        "inertia": [
          [
            6.481683547409416e-05,
            -6.88214269644119e-22,
            1.4785853449385365e-22
          ],
          [
            -6.88214269644119e-22,
            6.481683547409416e-05,
            8.06501097239202e-24
          ],
          [
            1.4785853449385365e-22,
            8.06501097239202e-24,
            6.481683547409416e-05
          ]
        ]
      },
      "default_world_origin": [
        -0.2159382879786165,
        -0.13127583522402012,
        -0.09
      ]
    },
    {
      "name": "leg_6_swing_node",
      "leg_id": 6,
      "role": "joint_sphere",
      "mesh_path": "meshes/leg_6_swing_node.stl",
      "mass_properties": {
        "volume": 4.7652117289630343e-05,
        "mass": 0.03716865148591167,
        "center_mass": [
          -3.7031974103498394e-19,
          0.0,
          -1.9573785140154793e-20
        ],
        "inertia": [
          [
            7.52063665427589e-06,
            1.7205356741102976e-22,
            -3.6964633623463424e-24
          ],
          [
            1.7205356741102976e-22,
            7.52063665427589e-06,
            2.8143527872409653e-24
          ],
          [
            -3.6964633623463424e-24,
            2.8143527872409653e-24,
            7.520636654275889e-06
          ]
        ]
      },
      "default_world_origin": [
        -0.2159382879786165,
        -0.13127583522402012,
        -0.09
      ]
    },
    {
      "name": "leg_6_upper",
      "leg_id": 6,
      "role": "upper_link",
      "mesh_path": "meshes/leg_6_upper.stl",
      "mass_properties": {
        "volume": 0.0002831775042128517,
        "mass": 0.22087845328602435,
        "center_mass": [
          -0.10227022594671613,
          -0.09406140116196267,
          -0.017124651711956488
        ],
        "inertia": [
          [
            0.0007002647045827237,
            -0.0006995353302996894,
            -0.00012735616037617116
          ],
          [
            -0.0006995353302996894,
            0.0008174627168832724,
            -0.00011713378728460065
          ],
          [
            -0.00012735616037617116,
            -0.00011713378728460065,
            0.001439523955641236
          ]
        ]
      },
      "default_world_origin": [
        -0.2159382879786165,
        -0.13127583522402012,
        -0.09
      ]
    },
    {
      "name": "leg_6_knee",
      "leg_id": 6,
      "role": "joint_sphere",
      "mesh_path": "meshes/leg_6_knee.stl",
      "mass_properties": {
        "volume": 0.00012649392263683397,
        "mass": 0.0986652596567305,
        "center_mass": [
          0.0,
          0.0,
          1.64776518182891e-19
        ],
        "inertia": [
          [
            3.8273693179097886e-05,
            -6.88214269644119e-22,
            1.0215680565029892e-22
          ],
          [
            -6.88214269644119e-22,
            3.8273693179097886e-05,
            -1.0081263715490025e-23
          ],
          [
            1.0215680565029892e-22,
            -1.0081263715490025e-23,
            3.8273693179097886e-05
          ]
        ]
      },
      "default_world_origin": [
        -0.420478739872049,
        -0.31939863754794673,
        -0.12424930342391327
      ]
    },
    {
      "name": "leg_6_lower",
      "leg_id": 6,
      "role": "lower_link",
      "mesh_path": "meshes/leg_6_lower.stl",
      "mass_properties": {
        "volume": 0.0002568015423918822,
        "mass": 0.2003052030656681,
        "center_mass": [
          -0.027349381315093152,
          0.00678911125098907,
          -0.14732928870426049
        ],
        "inertia": [
          [
            0.001466445266352084,
            1.228482217343509e-05,
            -0.0002665907282645923
          ],
          [
            1.228482217343509e-05,
            0.0015128841314672545,
            6.617751574773963e-05
          ],
          [
            -0.0002665907282645923,
            6.617751574773963e-05,
            7.98272409148622e-05
          ]
        ]
      },
      "default_world_origin": [
        -0.420478739872049,
        -0.31939863754794673,
        -0.12424930342391327
      ]
    },
    {
      "name": "leg_6_foot",
      "leg_id": 6,
      "role": "foot",
      "mesh_path": "meshes/leg_6_foot.stl",
      "mass_properties": {
        "volume": 7.320250152594556e-05,
        "mass": 0.05709795119023754,
        "center_mass": [
          0.0,
          0.0,
          -4.5081874481138355e-20
        ],
        "inertia": [
          [
            1.538133888691883e-05,
            -0.0,
            -3.494838088036542e-23
          ],
          [
            -0.0,
            1.538133888691883e-05,
            -1.075334796318936e-23
          ],
          [
            -3.494838088036542e-23,
            -1.075334796318936e-23,
            1.538133888691883e-05
          ]
        ]
      },
      "default_world_origin": [
        -0.4751775025022353,
        -0.3058204150459686,
        -0.4189078808324342
      ]
    },
    {
      "name": "leg_7_hip",
      "leg_id": 7,
      "role": "joint_sphere",
      "mesh_path": "meshes/leg_7_hip.stl",
      "mass_properties": {
        "volume": 0.00017351704065409314,
        "mass": 0.13534329171019266,
        "center_mass": [
          -8.135924710538599e-19,
          0.0,
          3.645871534715235e-19
        ],
        "inertia": [
          [
            6.481683547409416e-05,
            -6.88214269644119e-22,
            1.4785853449385365e-22
          ],
          [
            -6.88214269644119e-22,
            6.481683547409416e-05,
            8.06501097239202e-24
          ],
          [
            1.4785853449385365e-22,
            8.06501097239202e-24,
